026f9b9514f28f37a3fd
07fc49d464acdc489fc1
092dff5b934f87c11767
0e105f8ec5146f9737d0
0e23d546a5f952542a00
160372
160955
161592
163027
164756
165450
166780
167436
167494
167678
167863
167917
168153
168393
169726
169728
169762
169844
169860
169864
169870
169913
170023
170498
170719
170821
170827
170878
170891
170913
170930
170952
170962
170984
171224
171226
171318
171347
171381
171823
171825
171835
171885
171887
171891
171924
172213
173040
173045
173048
173215
173219
173339
173341
173376
173419
173521
173555
173614
173699
173772
173785
173833
173932
17399
174111
174190
174224
174234
174271
174320
174346
174348
174354
174432
174438
174488
174509
174915
174923
174924
174927
174928
174931
174946
175044
175049
175064
175097
175216
175221
175230
175233
175261
175268
175317
175319
175525
175673
175738
175740
175853
176064
176065
176066
176067
176075
176076
176086
176102
176107
176131
176140
176177
176178
176184
176189
176190
176202
176204
176217
176233
176235
176242
176263
176343
176346
176569
176667
176669
176672
176679
176709
176938
177006
177143
177397
177404
177508
177812
177877
177887
177893
178172
178175
178197
178242
178245
178261
178358
178360
178444
178610
178647
178712
178871
179032
179107
179140
179253
179307
179427
179862
180077
180413
180419
180423
181156
181174
181240
181256
181529
181612
181977
182170
183056
184130
184835
184925
185047
185312
185390
185527
185679
185812
185835
186359
187316
187666
188100
188149
188267
188274
188813
189119
19733
19ea0e3a2325e8edce70
1b3539a0ba04b7adc817
1cf3193b90b95cd3d631
20589
20629
21290
21381
21399
21f3d3617d918301203e
22983
23158
23591
24c360f9f54e7cb0001d
29986
31357
33681
33776
33872
34137
34372
34444
35429
3545258378f2a3566e4a
37488
37530
37598
38034
38621
38783
39283
39340
39549
39776
39857
40032
40066
41360
41989
4213e3e1a9bd0764cc05
42184
430836b686a5e2ef18f0
43136
43579
44219
46120
4da911d661a4b023cd7d
4ea1a79057f88cc5c1e0
59b9e2eb6d07e3f16ba1
5cf005ecdb8eda104ff6
6a56497e819920c075e9
6d57934acb49e07a9967
75b35fc4240a8845ec68
8301b73e6160390a23b8
8e3724d5010a1d85aacb
9d7d2dc0fa71796ac842
9e435bd861f5cfdec23b
a39e0d8f5d0b6fa172d7
a49e0d8f5d9b6fa172d6
a797a65aa8651d8b9320
b18c1cc30ee2dc3e94d0
b3adb5fd2409de01c40b
b3adb5fd2409de01c40c
bd1c639bbaf42b940570
bf13848f7f02f488b2e1
c00b67c82a117f175e54
c54ba54f268041fda54c
c9f5c37976afa879c834
db1c5d481420f2a54de0
e37c8c26b0c1c0714c74
ea124ea29f24bb09db17
f11cde3998102af6482c
f1dbcec5c952245f832d
f1f3e014594ba3f4ed9d
ff700a3f473fb107caa9
